293,294|305,294|305,298|378,298|378,313|358,313|358,316|350,316|350,313|305,313|305,316|293,316|293,294*
293,324|336,324|336,341|313,341|313,353|293,353|293,324*
340,324|380,324|380,341|340,341|340,324*
334,343|344,343|344,351|334,351|334,343*
340,351|380,351|380,369|340,369|340,351*
304,353|336,353|336,369|303,369|304,353*
309,373|320,373|320,389|309,389|309,373*
323,373|335,373|335,389|323,389|323,373*
320,390|335,390|335,400|320,400|320,390*
338,375|350,375|350,383|353,383|353,393|355,393|338,406|338,375*
340,221|398,221|398,205|340,205|340,221*
355,225|398,225|398,244|390,245|390,240|373,240|373,245|355,245|355,225*
385,246|401,246|401,265|385,265|385,246*
385,265|395,265|395,281|385,281|385,265*
388,285|395,285|395,281|401,281|401,288|398,288|398,291|401,291|401,295|395,295|395,293|388,291388,285*
335,250|371,250|371,281|335,281|335,250*
335,229|346,229|346,221|351,221|351,228|355,229|355,244|334,245|335,229*
179,300|218,300|218,314|179,314|179,300*
183,320|213,320|213,359|183,359|183,320*
184,360|184,380|159,380|159,360|184,360*
076,493|071,479|123,461|178,451|178,464|125,476|076,493*
263,468|264,455|315,464|358,480|358,494|311,478|263,468*
195,518|199,508|208,500|209,478|243,478|244,478|201,509|255,518|195,518*
094,519|089,508|125,495|129,506|094,519*
276,519|274,515|286,493|310,505|304,519|276,519*
078,340|108,340|108,351|093,351|093,356|139,356|139,350|156,350|156,385|088,385|088,374|123,374|123,368|078,368|078,340*
075,291|156,291|156,346|111,346|111,336|148,336|148,333|075,333|075,291*
038,139|098,139|098,173|038,173|038,139*
038,175|069,175|069,191|038,191|038,175*
038,194|069,194|069,198|081,198|081,191|094,191|094,211|081,211|081,208|069,208|069,211|038,211|038,194*
058,118|089,118|089,124|091,124|091,129|089,129|089,135|059,135|058,124|041,124|041,121|058,118*
189,434|189,425|214,425|214,434|211,434|208,439|200,434|189,434*
236,425|260,425|260,434|246,434|243,440|239,434|236,434|236,425*
154,386|185,386|185,390|191,390|191,395|196,395|196,406|188,406|188,416|151,416|151,406|143,406|143,394|148,394|148,391|154,390|154,386*
264,386|295,386|295,391|301,391|301,395|306,395|306,406|298,406|298,416|261,416|261,406|253,406|253,395|258,395|258,386|264,386|264,386*
065,100|096,100|096,111|065,111|065,100*
061,090|064,090|064,111|061,111|061,090*
043,094|060,094|060,106|043,106|043,094*
049,078|106,078|106,089|049,089|049,078*
061,065|121,065|121,074|061,074|061,065*
060,046|121,046|121,058|060,058|060,046*
100,029|119,029|114,046|105,046|100,029*
284,376|284,363|266,363|266,376|284,376*
234,356|274,356|274,323|234,323|234,356*
244,300|283,300|283,314|244,314|244,300*
050,353|064,353|064,385|050,385|050,353*
068,346|034,346|034,338|068,338|068,277*
039,346|039,350|035,350|035,346*
033,324|033,311|070,311|070,324|033,324*
041,311|041,294|070,294|070,311|041,311*
045,324|038,331|045,336|054,331|045,324*
334,015|334,058|384,061|384,015|334,015*
339,024|339,029|349,029|349,024|339,024*
338,033|350,033|350,056|338,055|338,033*
354,016|378,016|378,030|354,029|354,016*
356,031|373,033|373,058|355,056|356,031*
338,084|339,069|428,076|428,089|360,084|361,086|338,084*
413,089|413,095|424,095|424,089|413,089*
408,193|408,176|341,170|340,186|408,193*
344,143|343,161|401,168|403,148|344,143*
343,128|343,136|418,143|421,105|413,104|410,133|343,128*
386,118|386,130|410,133|411,120|386,118*
379,119|379,128|386,128|386,120|379,119*
364,123|379,124|381,091|366,090|364,123*
381,094|381,098|399,099|399,095|381,094*
400,088|398,119|405,088|403,119|400,088*
131,271|131,250|218,250|218,271|131,271*
231,271|231,250|319,250|319,271|231,271*
131,238|131,216|218,216|218,238|131,238*
231,238|231,216|319,216|319,238|231,238*
110,118|155,118|151,143|110,143|110,118*
110,150|155,150|155,175|110,175|110,150*
110,175|110,186|119,186|119,175|110,175*
130,175|130,186|139,186|139,175|130,175*
035,256|035,244|063,244|063,256|035,256*
080,264|123,264|123,278|080,278|080,264*
070,244|079,253|094,253|103,244|103,230|093,220|079,220|070,230|070,244*
283,198|311,198|311,174|283,174|283,198*
255,198|255,178|283,178|283,198|255,198*
283,174|311,174|311,118|283,118|283,174*
236,133|246,141|275,141|279,138|279,125|275,121|236,121|236,133|236,133*
239,173|275,173|279,169|279,156|275,153|246,153|235,164|235,168|239,173*
179,126|196,109|215,126|196,144|179,126*
190,160|190,150|204,150|204,160|214,160|214,175|204,175|204,184|190,184|190,175|180,175|180,160|152,160*
141,058|176,058|176,093|141,093|141,058*
180,093|180,051|175,051|175,039|204,039|204,043|206,043|206,046|210,046|210,093|180,093*
288,096|288,040|329,040|329,089|323,089|323,096|288,096*
263,091|271,091|271,089|279,085|279,074|281,074|281,063|275,061|275,050|269,045|259,045|259,043|249,043|241,048|241,059|239,061|239,068|241,071|246,074|246,083|253,089|263,089|263,091*
220,101|230,101|238,096|238,045|230,040|220,040|211,045|211,093|220,101*
220,096|229,096|229,074|220,074|220,096*
220,069|229,069|229,046|220,046|220,069*
